[gd_scene load_steps=77 format=3 uid="uid://dkg53gsq4b3cn"]

[ext_resource type="Environment" uid="uid://d1514o5nrewn5" path="res://Environments/DayEnvironment.tres" id="1_2ajl2"]
[ext_resource type="PackedScene" uid="uid://bycycisv53o66" path="res://Prefabs/GlobalCamera.tscn" id="1_4qapr"]
[ext_resource type="PackedScene" uid="uid://cth53i8qsxlqy" path="res://Prefabs/Characters/PlayerCharacter.tscn" id="1_60cnr"]
[ext_resource type="PackedScene" uid="uid://gsb5ckq8e2no" path="res://Prefabs/Trees/PropTreeOak2.tscn" id="3_ddp4i"]
[ext_resource type="Material" uid="uid://dkncsl54qwwvb" path="res://Materials/Grass.tres" id="3_wt56b"]
[ext_resource type="PackedScene" uid="uid://ditat2n60et15" path="res://Prefabs/Trees/PropTreeApple1.tscn" id="4_6wf3t"]
[ext_resource type="Script" path="res://addons/PropPainter/ToolPropPainter.cs" id="4_41cga"]
[ext_resource type="PackedScene" uid="uid://bu8b1efkxsd3e" path="res://Prefabs/Trees/PropTreeApple3.tscn" id="4_65hyp"]
[ext_resource type="PackedScene" uid="uid://d2ii8qhujvfub" path="res://Prefabs/Trees/PropTreeOak1.tscn" id="4_atmhp"]
[ext_resource type="PackedScene" uid="uid://b4gpa2vaq1o5l" path="res://Prefabs/Trees/PropTreeOak3.tscn" id="4_pyk17"]
[ext_resource type="PackedScene" uid="uid://bjp3slss1ghik" path="res://Prefabs/Trees/PropTreeApple2.tscn" id="5_obu66"]
[ext_resource type="PackedScene" uid="uid://q5ovbwr3uy8l" path="res://Prefabs/Plants/PropTulip1.tscn" id="5_oxims"]
[ext_resource type="PackedScene" uid="uid://cmoyc7ao6lj4r" path="res://Prefabs/Plants/PropTulip2.tscn" id="6_qbim5"]
[ext_resource type="PackedScene" uid="uid://buax3c77576ra" path="res://Prefabs/Plants/PropTulip3.tscn" id="7_t6cpr"]
[ext_resource type="PackedScene" uid="uid://c7l80l3krwm66" path="res://Prefabs/Plants/PropTulip4.tscn" id="8_4xc0m"]
[ext_resource type="PackedScene" path="res://Prefabs/Small Items/PropFenceEnd.tscn" id="8_qgel6"]
[ext_resource type="PackedScene" uid="uid://cwabel6rsndr7" path="res://Prefabs/Small Items/PropFence1.tscn" id="9_j2ilc"]
[ext_resource type="PackedScene" uid="uid://bpoh5eewwklhp" path="res://Prefabs/Small Items/PropBasket.tscn" id="9_jepc3"]
[ext_resource type="PackedScene" uid="uid://ck4yohp23qcuw" path="res://Prefabs/Small Items/PropFence2.tscn" id="10_0j7w2"]
[ext_resource type="PackedScene" path="res://Prefabs/Lumber/PropLogOakStripping.tscn" id="10_2lcoj"]
[ext_resource type="PackedScene" uid="uid://bn7h1qqxbne50" path="res://Prefabs/Small Items/PropBasketWithApples.tscn" id="10_dvkp3"]
[ext_resource type="PackedScene" uid="uid://btdbdi27r78tb" path="res://Prefabs/Small Items/PropWheelBarrow.tscn" id="11_1esxr"]
[ext_resource type="PackedScene" path="res://Prefabs/Lumber/PropTreeStumpOak2.tscn" id="11_1rkbt"]
[ext_resource type="PackedScene" uid="uid://croje6ueu5rqc" path="res://Prefabs/Trees/PropTreeOak4.tscn" id="11_d87cr"]
[ext_resource type="PackedScene" path="res://Prefabs/Lumber/PropLogOakStripped.tscn" id="11_se24g"]
[ext_resource type="PackedScene" path="res://Prefabs/Lumber/PropTreeStumpOak3.tscn" id="12_7d261"]
[ext_resource type="Material" uid="uid://dg4rok7s8af4l" path="res://Materials/Dirt.tres" id="12_rlaxm"]
[ext_resource type="PackedScene" uid="uid://vaoqrqeyh0c5" path="res://Prefabs/Small Items/PropWoodAx.tscn" id="14_lprge"]
[ext_resource type="PackedScene" path="res://Prefabs/Lumber/PropTreeSplittingStump.tscn" id="15_2w2bx"]
[ext_resource type="PackedScene" uid="uid://b6wf4pel1e6cw" path="res://Prefabs/Lumber/PropFirewood1.tscn" id="16_8wt0o"]
[ext_resource type="PackedScene" uid="uid://dn2ow0syahcwf" path="res://Prefabs/Lumber/PropLogOak1.tscn" id="16_v380q"]
[ext_resource type="PackedScene" path="res://Prefabs/Lumber/PropLogOak2.tscn" id="17_eo3gt"]
[ext_resource type="PackedScene" uid="uid://b56cc0mnlnk7r" path="res://Prefabs/Lumber/PropFirewood2.tscn" id="17_phn5x"]
[ext_resource type="PackedScene" path="res://Prefabs/Lumber/PropLogOak3.tscn" id="18_660r0"]
[ext_resource type="PackedScene" uid="uid://6w4vqdekblvw" path="res://Prefabs/Lumber/PropFirewood3.tscn" id="18_xfbai"]
[ext_resource type="PackedScene" uid="uid://m7nbr4sdgca3" path="res://Prefabs/Lumber/PropFirewood4.tscn" id="19_klfg6"]
[ext_resource type="PackedScene" uid="uid://cdpesuihqsxnp" path="res://Prefabs/Lumber/PropTreeStumpOak1.tscn" id="19_nvsbc"]
[ext_resource type="PackedScene" uid="uid://4u1y35xju8ln" path="res://Prefabs/Lumber/PropFirewood5.tscn" id="20_vvb1k"]
[ext_resource type="PackedScene" uid="uid://bb5wv5gl5ku4k" path="res://Prefabs/Small Items/PropLogStand.tscn" id="21_0tx2t"]
[ext_resource type="PackedScene" uid="uid://cu6ii8tuqclkc" path="res://Prefabs/Cooking/PropApple.tscn" id="27_j1ljd"]
[ext_resource type="PackedScene" uid="uid://b2h87bnhr23vf" path="res://Prefabs/Cooking/PropBread1.tscn" id="28_isvn2"]
[ext_resource type="PackedScene" path="res://Prefabs/Cooking/PropBread2.tscn" id="29_mhsw4"]
[ext_resource type="PackedScene" uid="uid://77mhee3d46dt" path="res://Prefabs/Plants/PropBlackberryBush.tscn" id="30_pesed"]
[ext_resource type="PackedScene" uid="uid://dexsff1ceqobd" path="res://Prefabs/Cooking/PropOvenTower.tscn" id="36_f7e2g"]
[ext_resource type="PackedScene" uid="uid://bpqngqvasucy4" path="res://Prefabs/Cooking/PropOven.tscn" id="36_tqf4g"]
[ext_resource type="PackedScene" uid="uid://cwlxx35uf8j51" path="res://Prefabs/Cooking/PropOvenDoor.tscn" id="37_kpqqm"]
[ext_resource type="PackedScene" uid="uid://d0dc6sq2fwhm4" path="res://Prefabs/Pickups/PickupNettleBroth.tscn" id="37_yfk8b"]
[ext_resource type="PackedScene" uid="uid://btd348osaw7pt" path="res://Prefabs/Cooking/PropClayPot.tscn" id="40_abor7"]
[ext_resource type="PackedScene" uid="uid://jg8y61unu8ao" path="res://Prefabs/Pickups/PickupCandiedNut.tscn" id="41_oibar"]
[ext_resource type="PackedScene" uid="uid://baclh2cy2xu1y" path="res://Prefabs/Pickups/PickupDockLeaf.tscn" id="42_1ywjb"]
[ext_resource type="PackedScene" uid="uid://ugpcyorjm0gc" path="res://Prefabs/Cooking/PropBowl.tscn" id="42_kaj55"]
[ext_resource type="PackedScene" uid="uid://cjih08blgkk5m" path="res://Prefabs/Cooking/PropTankard.tscn" id="43_p6s0h"]
[ext_resource type="PackedScene" uid="uid://c70ouva7y3o0b" path="res://Prefabs/Pickups/PickupSanicle.tscn" id="43_r6irn"]
[ext_resource type="PackedScene" uid="uid://c2iy3v0jc0bd1" path="res://Prefabs/Cooking/PropCookingSpit.tscn" id="44_xq1oh"]
[ext_resource type="PackedScene" uid="uid://chkb2087omjcv" path="res://Prefabs/Cooking/PropPot1.tscn" id="45_6f0df"]
[ext_resource type="PackedScene" path="res://Prefabs/Cooking/PropPot2.tscn" id="46_aupno"]
[ext_resource type="Script" path="res://C#/PlayerBow/PlayerBowTarget.cs" id="47_lu2vf"]
[ext_resource type="PackedScene" uid="uid://csiucvqejw8cr" path="res://Prefabs/Furniture/PropDiningTable.tscn" id="47_qeona"]
[ext_resource type="PackedScene" uid="uid://boho7pu4wvclm" path="res://Prefabs/Bow Targets/PropLockbox.tscn" id="50_hmjpr"]
[ext_resource type="PackedScene" uid="uid://bfyoe1tbi03jj" path="res://Prefabs/Furniture/PropCraftingTable.tscn" id="51_0e1a5"]
[ext_resource type="PackedScene" uid="uid://q8xtek0bikgv" path="res://Prefabs/Bow Targets/JumpNet.tscn" id="51_5gl37"]
[ext_resource type="PackedScene" uid="uid://dqfpswbl7lof" path="res://Prefabs/Plants/PropDandelion1.tscn" id="51_v4cb4"]
[ext_resource type="PackedScene" uid="uid://dkxfmtnxwys07" path="res://Prefabs/Plants/PropDandelion2.tscn" id="52_re15r"]
[ext_resource type="PackedScene" uid="uid://xigtowfv4scj" path="res://Prefabs/SecretArea.tscn" id="53_dmf02"]
[ext_resource type="PackedScene" uid="uid://bbage8fj6ncrj" path="res://Prefabs/Plants/PropFern1.tscn" id="53_qkkld"]
[ext_resource type="PackedScene" uid="uid://ewttxbpcubd5" path="res://Prefabs/Plants/PropFern2.tscn" id="54_3mvej"]
[ext_resource type="PackedScene" uid="uid://cmuma8xgq3ktm" path="res://Prefabs/Checkpoint.tscn" id="55_bnt5b"]
[ext_resource type="PackedScene" uid="uid://dyncf5bghkkwb" path="res://Prefabs/Bow Targets/PropChest.tscn" id="56_1rfgt"]
[ext_resource type="PackedScene" uid="uid://b1ubnvd3e1ahh" path="res://Prefabs/Cooking/PropOvenPeel.tscn" id="59_lg3ag"]
[ext_resource type="PackedScene" uid="uid://dq6eehi3eqtin" path="res://Prefabs/Cooking/PropLadle.tscn" id="64_he0ji"]
[ext_resource type="PackedScene" uid="uid://ci5w021qks137" path="res://Prefabs/Characters/MobWasp.tscn" id="67_elsxh"]
[ext_resource type="PackedScene" uid="uid://dampjwia650ny" path="res://Prefabs/Bow Targets/PropTorch.tscn" id="70_woav5"]

[sub_resource type="PlaneMesh" id="PlaneMesh_fw7qn"]

[sub_resource type="ConvexPolygonShape3D" id="ConvexPolygonShape3D_ebp2m"]
points = PackedVector3Array(1.01587, 0.015873, 1.01587, -1.01587, -0.015873, -1.01587, -1.01587, 0.015873, -1.01587, 1.01587, -0.015873, -1.01587, -1.01587, -0.015873, 1.01587, -1.01587, 0.015873, 1.01587, 1.01587, 0.015873, -1.01587, 1.01587, -0.015873, 1.01587)

[sub_resource type="CylinderMesh" id="CylinderMesh_8ru0d"]
height = 1.0

[sub_resource type="ConvexPolygonShape3D" id="ConvexPolygonShape3D_j38tx"]
points = PackedVector3Array(0.0920176, -0.491214, -0.491214, 0.0920176, 0.491214, 0.491214, 0.15337, 0.490905, 0.475529, -0.0920388, 0.491211, -0.491211, -0.491209, -0.491305, 0.0920476, 0.491209, -0.491326, 0.0920516, 0.458464, 0.489127, -0.1986, -0.491209, 0.491305, 0.0920476, -0.0920388, -0.491211, 0.491211, -0.353602, -0.492013, -0.353598, -0.304561, 0.487367, 0.395867, -0.458467, 0.489107, -0.198592, 0.458464, 0.489127, 0.1986, 0.304547, -0.48738, 0.395877, 0.426939, -0.488007, -0.259099, 0.259148, 0.487951, -0.426909, -0.39587, -0.487368, 0.304557, -0.491209, -0.491305, -0.0920476, -0.304561, 0.487367, -0.395867, -0.153303, -0.49093, -0.475553, 0.0920176, -0.491214, 0.491214, 0.491209, 0.491326, -0.0920516, 0.321452, 0.489877, 0.382657, -0.0920388, 0.491211, 0.491211, 0.321452, -0.489877, -0.382657, 0.426939, -0.488007, 0.259099, -0.259164, -0.48794, 0.4269, -0.426902, 0.487941, 0.259159, 0.491209, -0.491326, -0.0920516, 0.0920176, 0.491214, -0.491214, 0.395896, 0.48731, -0.304521, 0.491209, 0.491326, 0.0920516)

[node name="TreeTest" type="Node3D"]

[node name="WorldEnvironment" type="WorldEnvironment" parent="."]
environment = ExtResource("1_2ajl2")

[node name="GlobalCamera" parent="." instance=ExtResource("1_4qapr")]
transform = Transform3D(-0.580322, 0.509743, -0.635128, 0, 0.779885, 0.625923, 0.814387, 0.363237, -0.452585, -18.9139, 10.5239, -2.11767)

[node name="PlayerCharacter" parent="." instance=ExtResource("1_60cnr")]
transform = Transform3D(0.31328, 0, -0.949661, 0, 1, 0, 0.949661, 0, 0.31328, 0, 1, 0)

[node name="DirectionalLight3D" type="DirectionalLight3D" parent="."]
transform = Transform3D(0.866025, -0.433013, 0.25, 0, 0.5, 0.866025, -0.5, -0.75, 0.433013, 0, 0, 0)
shadow_enabled = true

[node name="ToolPropPainter" type="Node" parent="."]
script = ExtResource("4_41cga")
propsToPaint = [ExtResource("4_atmhp"), ExtResource("3_ddp4i"), ExtResource("4_pyk17"), ExtResource("11_d87cr")]
positionSpread = 0.0
maxRotation = 3.0
sizeVariation = 0.3
uniformSize = true

[node name="CheckPoint" parent="." instance=ExtResource("55_bnt5b")]
transform = Transform3D(1, 0, 0, 0, 1, 0, 0, 0, 1, -13.2166, 1, 13.0794)

[node name="SecretArea" parent="." instance=ExtResource("53_dmf02")]
transform = Transform3D(1, 0, 0, 0, 1, 0, 0, 0, 1, 1.54178, 1, 12.4618)

[node name="Map" type="Node3D" parent="."]

[node name="Ground" type="StaticBody3D" parent="Map"]
transform = Transform3D(10, 0, 0, 0, 10, 0, 0, 0, 10, 0, 0, 0)
collision_layer = 255
metadata/_edit_group_ = true

[node name="Plane" type="MeshInstance3D" parent="Map/Ground"]
transform = Transform3D(0.5, 0, 0, 0, 0.5, 0, 0, 0, 0.5, 0, 0, 0)
material_override = ExtResource("3_wt56b")
mesh = SubResource("PlaneMesh_fw7qn")
skeleton = NodePath("../../..")

[node name="CollisionShape3D" type="CollisionShape3D" parent="Map/Ground"]
transform = Transform3D(0.5, 0, 0, 0, 0.5, 0, 0, 0, 0.5, 0, 0, 0)
shape = SubResource("ConvexPolygonShape3D_ebp2m")

[node name="Ground2" type="StaticBody3D" parent="Map"]
transform = Transform3D(10, 0, 0, 0, 10, 0, 0, 0, 10, 0, 0, -10)
collision_layer = 255
metadata/_edit_group_ = true

[node name="Plane" type="MeshInstance3D" parent="Map/Ground2"]
transform = Transform3D(0.5, 0, 0, 0, 0.5, 0, 0, 0, 0.5, 0, 0, 0)
material_override = ExtResource("3_wt56b")
mesh = SubResource("PlaneMesh_fw7qn")
skeleton = NodePath("../../..")

[node name="CollisionShape3D" type="CollisionShape3D" parent="Map/Ground2"]
transform = Transform3D(0.5, 0, 0, 0, 0.5, 0, 0, 0, 0.5, 0, 0, 0)
shape = SubResource("ConvexPolygonShape3D_ebp2m")

[node name="Ground3" type="StaticBody3D" parent="Map"]
transform = Transform3D(10, 0, 0, 0, 10, 0, 0, 0, 10, -10, 0, -10)
collision_layer = 255
metadata/_edit_group_ = true

[node name="Plane" type="MeshInstance3D" parent="Map/Ground3"]
transform = Transform3D(0.5, 0, 0, 0, 0.5, 0, 0, 0, 0.5, 0, 0, 0)
material_override = ExtResource("12_rlaxm")
mesh = SubResource("PlaneMesh_fw7qn")
skeleton = NodePath("../../..")

[node name="CollisionShape3D" type="CollisionShape3D" parent="Map/Ground3"]
transform = Transform3D(0.5, 0, 0, 0, 0.5, 0, 0, 0, 0.5, 0, 0, 0)
shape = SubResource("ConvexPolygonShape3D_ebp2m")

[node name="Ground4" type="StaticBody3D" parent="Map"]
transform = Transform3D(10, 0, 0, 0, 10, 0, 0, 0, 10, -10, 0, 0)
collision_layer = 255
metadata/_edit_group_ = true

[node name="Plane" type="MeshInstance3D" parent="Map/Ground4"]
transform = Transform3D(0.5, 0, 0, 0, 0.5, 0, 0, 0, 0.5, 0, 0, 0)
material_override = ExtResource("12_rlaxm")
mesh = SubResource("PlaneMesh_fw7qn")
skeleton = NodePath("../../..")

[node name="CollisionShape3D" type="CollisionShape3D" parent="Map/Ground4"]
transform = Transform3D(0.5, 0, 0, 0, 0.5, 0, 0, 0, 0.5, 0, 0, 0)
shape = SubResource("ConvexPolygonShape3D_ebp2m")

[node name="Ground5" type="StaticBody3D" parent="Map"]
transform = Transform3D(10, 0, 0, 0, 10, 0, 0, 0, 10, -10, 0, 10)
collision_layer = 255
metadata/_edit_group_ = true

[node name="Plane" type="MeshInstance3D" parent="Map/Ground5"]
transform = Transform3D(0.5, 0, 0, 0, 0.5, 0, 0, 0, 0.5, 0, 0, 0)
material_override = ExtResource("12_rlaxm")
mesh = SubResource("PlaneMesh_fw7qn")
skeleton = NodePath("../../..")

[node name="CollisionShape3D" type="CollisionShape3D" parent="Map/Ground5"]
transform = Transform3D(0.5, 0, 0, 0, 0.5, 0, 0, 0, 0.5, 0, 0, 0)
shape = SubResource("ConvexPolygonShape3D_ebp2m")

[node name="Ground6" type="StaticBody3D" parent="Map"]
transform = Transform3D(10, 0, 0, 0, 10, 0, 0, 0, 10, 0, 0, 10)
collision_layer = 255
metadata/_edit_group_ = true

[node name="Plane" type="MeshInstance3D" parent="Map/Ground6"]
transform = Transform3D(0.5, 0, 0, 0, 0.5, 0, 0, 0, 0.5, 0, 0, 0)
material_override = ExtResource("3_wt56b")
mesh = SubResource("PlaneMesh_fw7qn")
skeleton = NodePath("../../..")

[node name="CollisionShape3D" type="CollisionShape3D" parent="Map/Ground6"]
transform = Transform3D(0.5, 0, 0, 0, 0.5, 0, 0, 0, 0.5, 0, 0, 0)
shape = SubResource("ConvexPolygonShape3D_ebp2m")

[node name="Ground7" type="StaticBody3D" parent="Map"]
transform = Transform3D(10, 0, 0, 0, 10, 0, 0, 0, 10, 10, 0, 10)
collision_layer = 255
metadata/_edit_group_ = true

[node name="Plane" type="MeshInstance3D" parent="Map/Ground7"]
transform = Transform3D(0.5, 0, 0, 0, 0.5, 0, 0, 0, 0.5, 0, 0, 0)
material_override = ExtResource("3_wt56b")
mesh = SubResource("PlaneMesh_fw7qn")
skeleton = NodePath("../../..")

[node name="CollisionShape3D" type="CollisionShape3D" parent="Map/Ground7"]
transform = Transform3D(0.5, 0, 0, 0, 0.5, 0, 0, 0, 0.5, 0, 0, 0)
shape = SubResource("ConvexPolygonShape3D_ebp2m")

[node name="Ground8" type="StaticBody3D" parent="Map"]
transform = Transform3D(10, 0, 0, 0, 10, 0, 0, 0, 10, 10, 0, 0)
collision_layer = 255
metadata/_edit_group_ = true

[node name="Plane" type="MeshInstance3D" parent="Map/Ground8"]
transform = Transform3D(0.5, 0, 0, 0, 0.5, 0, 0, 0, 0.5, 0, 0, 0)
material_override = ExtResource("3_wt56b")
mesh = SubResource("PlaneMesh_fw7qn")
skeleton = NodePath("../../..")

[node name="CollisionShape3D" type="CollisionShape3D" parent="Map/Ground8"]
transform = Transform3D(0.5, 0, 0, 0, 0.5, 0, 0, 0, 0.5, 0, 0, 0)
shape = SubResource("ConvexPolygonShape3D_ebp2m")

[node name="Ground9" type="StaticBody3D" parent="Map"]
transform = Transform3D(10, 0, 0, 0, 10, 0, 0, 0, 10, 10, 0, -10)
collision_layer = 255
metadata/_edit_group_ = true

[node name="Plane" type="MeshInstance3D" parent="Map/Ground9"]
transform = Transform3D(0.5, 0, 0, 0, 0.5, 0, 0, 0, 0.5, 0, 0, 0)
material_override = ExtResource("3_wt56b")
mesh = SubResource("PlaneMesh_fw7qn")
skeleton = NodePath("../../..")

[node name="CollisionShape3D" type="CollisionShape3D" parent="Map/Ground9"]
transform = Transform3D(0.5, 0, 0, 0, 0.5, 0, 0, 0, 0.5, 0, 0, 0)
shape = SubResource("ConvexPolygonShape3D_ebp2m")

[node name="Ground10" type="StaticBody3D" parent="Map"]
transform = Transform3D(10, 0, 0, 0, 10, 0, 0, 0, 10, 0, 0, -20)
collision_layer = 255
metadata/_edit_group_ = true

[node name="Plane" type="MeshInstance3D" parent="Map/Ground10"]
transform = Transform3D(0.5, 0, 0, 0, 0.5, 0, 0, 0, 0.5, 0, 0, 0)
material_override = ExtResource("3_wt56b")
mesh = SubResource("PlaneMesh_fw7qn")
skeleton = NodePath("../../..")

[node name="CollisionShape3D" type="CollisionShape3D" parent="Map/Ground10"]
transform = Transform3D(0.5, 0, 0, 0, 0.5, 0, 0, 0, 0.5, 0, 0, 0)
shape = SubResource("ConvexPolygonShape3D_ebp2m")

[node name="Ground11" type="StaticBody3D" parent="Map"]
transform = Transform3D(10, 0, 0, 0, 10, 0, 0, 0, 10, -10, 0, -20)
collision_layer = 255
metadata/_edit_group_ = true

[node name="Plane" type="MeshInstance3D" parent="Map/Ground11"]
transform = Transform3D(0.5, 0, 0, 0, 0.5, 0, 0, 0, 0.5, 0, 0, 0)
material_override = ExtResource("12_rlaxm")
mesh = SubResource("PlaneMesh_fw7qn")
skeleton = NodePath("../../..")

[node name="CollisionShape3D" type="CollisionShape3D" parent="Map/Ground11"]
transform = Transform3D(0.5, 0, 0, 0, 0.5, 0, 0, 0, 0.5, 0, 0, 0)
shape = SubResource("ConvexPolygonShape3D_ebp2m")

[node name="Ground12" type="StaticBody3D" parent="Map"]
transform = Transform3D(10, 0, 0, 0, 10, 0, 0, 0, 10, 10, 0, -20)
collision_layer = 255
metadata/_edit_group_ = true

[node name="Plane" type="MeshInstance3D" parent="Map/Ground12"]
transform = Transform3D(0.5, 0, 0, 0, 0.5, 0, 0, 0, 0.5, 0, 0, 0)
material_override = ExtResource("3_wt56b")
mesh = SubResource("PlaneMesh_fw7qn")
skeleton = NodePath("../../..")

[node name="CollisionShape3D" type="CollisionShape3D" parent="Map/Ground12"]
transform = Transform3D(0.5, 0, 0, 0, 0.5, 0, 0, 0, 0.5, 0, 0, 0)
shape = SubResource("ConvexPolygonShape3D_ebp2m")

[node name="Ground13" type="StaticBody3D" parent="Map"]
transform = Transform3D(10, 0, 0, 0, 10, 0, 0, 0, 10, 20, 0, 10)
collision_layer = 255
metadata/_edit_group_ = true

[node name="Plane" type="MeshInstance3D" parent="Map/Ground13"]
transform = Transform3D(0.5, 0, 0, 0, 0.5, 0, 0, 0, 0.5, 0, 0, 0)
material_override = ExtResource("3_wt56b")
mesh = SubResource("PlaneMesh_fw7qn")
skeleton = NodePath("../../..")

[node name="CollisionShape3D" type="CollisionShape3D" parent="Map/Ground13"]
transform = Transform3D(0.5, 0, 0, 0, 0.5, 0, 0, 0, 0.5, 0, 0, 0)
shape = SubResource("ConvexPolygonShape3D_ebp2m")

[node name="Ground14" type="StaticBody3D" parent="Map"]
transform = Transform3D(10, 0, 0, 0, 10, 0, 0, 0, 10, 20, 0, 0)
collision_layer = 255
metadata/_edit_group_ = true

[node name="Plane" type="MeshInstance3D" parent="Map/Ground14"]
transform = Transform3D(0.5, 0, 0, 0, 0.5, 0, 0, 0, 0.5, 0, 0, 0)
material_override = ExtResource("3_wt56b")
mesh = SubResource("PlaneMesh_fw7qn")
skeleton = NodePath("../../..")

[node name="CollisionShape3D" type="CollisionShape3D" parent="Map/Ground14"]
transform = Transform3D(0.5, 0, 0, 0, 0.5, 0, 0, 0, 0.5, 0, 0, 0)
shape = SubResource("ConvexPolygonShape3D_ebp2m")

[node name="Ground15" type="StaticBody3D" parent="Map"]
transform = Transform3D(10, 0, 0, 0, 10, 0, 0, 0, 10, 20, 0, -10)
collision_layer = 255
metadata/_edit_group_ = true

[node name="Plane" type="MeshInstance3D" parent="Map/Ground15"]
transform = Transform3D(0.5, 0, 0, 0, 0.5, 0, 0, 0, 0.5, 0, 0, 0)
material_override = ExtResource("3_wt56b")
mesh = SubResource("PlaneMesh_fw7qn")
skeleton = NodePath("../../..")

[node name="CollisionShape3D" type="CollisionShape3D" parent="Map/Ground15"]
transform = Transform3D(0.5, 0, 0, 0, 0.5, 0, 0, 0, 0.5, 0, 0, 0)
shape = SubResource("ConvexPolygonShape3D_ebp2m")

[node name="Ground16" type="StaticBody3D" parent="Map"]
transform = Transform3D(10, 0, 0, 0, 10, 0, 0, 0, 10, 20, 0, -20)
collision_layer = 255
metadata/_edit_group_ = true

[node name="Plane" type="MeshInstance3D" parent="Map/Ground16"]
transform = Transform3D(0.5, 0, 0, 0, 0.5, 0, 0, 0, 0.5, 0, 0, 0)
material_override = ExtResource("3_wt56b")
mesh = SubResource("PlaneMesh_fw7qn")
skeleton = NodePath("../../..")

[node name="CollisionShape3D" type="CollisionShape3D" parent="Map/Ground16"]
transform = Transform3D(0.5, 0, 0, 0, 0.5, 0, 0, 0, 0.5, 0, 0, 0)
shape = SubResource("ConvexPolygonShape3D_ebp2m")

[node name="Props" type="Node3D" parent="."]

[node name="Trees" type="Node3D" parent="Props"]

[node name="Trees" type="Node3D" parent="Props/Trees"]

[node name="PropTreeOak4" parent="Props/Trees/Trees" instance=ExtResource("11_d87cr")]
transform = Transform3D(-0.219171, 0.0154657, 1.03367, -0.0283721, 1.05616, -0.0218179, -1.0334, -0.0322771, -0.21863, 13.5937, 0.0793648, -2.78376)

[node name="PropTreeOak2" parent="Props/Trees/Trees" instance=ExtResource("3_ddp4i")]
transform = Transform3D(1.06291, -0.0271952, 0.335143, 0.0172558, 1.11413, 0.0356787, -0.335801, -0.0288297, 1.06266, 11.3264, 0.079366, 0.736721)

[node name="PropTreeOak3" parent="Props/Trees/Trees" instance=ExtResource("4_pyk17")]
transform = Transform3D(-1.13469, -0.0118082, -0.0732269, -0.0136284, 1.13668, 0.0278839, 0.0729101, 0.0287022, -1.1344, 14.0278, 0.0793636, 5.42536)

[node name="@PropTreeOak4@21127" parent="Props/Trees/Trees" instance=ExtResource("11_d87cr")]
transform = Transform3D(0.281232, 0.0142571, 0.982168, -0.0196401, 1.02151, -0.00920446, -0.982075, -0.016346, 0.281442, 9.07152, 0.0793648, 4.44487)

[node name="@PropTreeOak4@21128" parent="Props/Trees/Trees" instance=ExtResource("11_d87cr")]
transform = Transform3D(0.62544, -0.0349237, -0.930595, -0.0138513, 1.12052, -0.0513607, 0.931147, 0.0401263, 0.624305, 10.8158, 0.0793648, 9.00559)

[node name="@PropTreeOak2@21129" parent="Props/Trees/Trees" instance=ExtResource("3_ddp4i")]
transform = Transform3D(-0.285141, 0.0149824, -0.841618, -0.00279164, 0.888573, 0.0167641, 0.841747, 0.00802223, -0.285042, 13.3841, 0.079366, 13.4447)

[node name="PropTreeOak1" parent="Props/Trees/Trees" instance=ExtResource("4_atmhp")]
transform = Transform3D(-0.920642, 0.0204689, 0.231368, 0.0211358, 0.949255, 0.000122374, -0.231308, 0.00526895, -0.920869, 6.66449, 0.079366, 8.67661)

[node name="@PropTreeOak3@21130" parent="Props/Trees/Trees" instance=ExtResource("4_pyk17")]
transform = Transform3D(-0.265212, 0.0109568, -0.953348, 0.0191188, 0.989408, 0.00605255, 0.953219, -0.0167961, -0.265369, 8.21522, 0.079366, 12.5964)

[node name="@PropTreeOak3@21131" parent="Props/Trees/Trees" instance=ExtResource("4_pyk17")]
transform = Transform3D(-0.132131, 0.0111256, 0.963328, -0.00166617, 0.972342, -0.0114582, -0.96339, -0.00320755, -0.132102, 1.90613, 0.079366, 9.39378)

[node name="@PropTreeOak4@21132" parent="Props/Trees/Trees" instance=ExtResource("11_d87cr")]
transform = Transform3D(-0.871788, 0.0111637, 0.702546, -0.0112015, 1.11919, -0.0316842, -0.702545, -0.0316975, -0.871283, 1.67955, 0.079366, 14.5742)

[node name="@PropTreeOak1@21133" parent="Props/Trees/Trees" instance=ExtResource("4_atmhp")]
transform = Transform3D(-0.844245, -0.0026932, 0.690985, 0.0269534, 1.09, 0.0371801, -0.690464, 0.0458431, -0.843431, -8.34801, 0.079366, 14.4741)

[node name="@PropTreeOak1@21134" parent="Props/Trees/Trees" instance=ExtResource("4_atmhp")]
transform = Transform3D(0.237294, -0.0281127, 0.831843, -0.010263, 0.864825, 0.032155, -0.832255, -0.0186802, 0.23678, 12.0461, 0.079365, -18.247)

[node name="PropTreeApple1" parent="Props/Trees/Trees" instance=ExtResource("4_6wf3t")]
transform = Transform3D(1, 0, 0, 0, 1, 0, 0, 0, 1, 1.96458, -0.0174332, -21.008)

[node name="PropTreeApple2" parent="Props/Trees/Trees" instance=ExtResource("5_obu66")]
transform = Transform3D(1, 0, 0, 0, 1, 0, 0, 0, 1, -3, 0, -21)

[node name="PropTreeApple3" parent="Props/Trees/Trees" instance=ExtResource("4_65hyp")]
transform = Transform3D(1, 0, 0, 0, 1, 0, 0, 0, 1, -8, 0, -21)

[node name="Logs" type="Node3D" parent="Props/Trees"]

[node name="PropLogOak1" parent="Props/Trees/Logs" instance=ExtResource("16_v380q")]
transform = Transform3D(-0.0995039, -0.991236, -0.0868884, -0.657743, 3.1665e-08, 0.753242, -0.746641, 0.132101, -0.651979, -7.46879, 0.21487, 8.76836)

[node name="PropLogOak2" parent="Props/Trees/Logs" instance=ExtResource("17_eo3gt")]
transform = Transform3D(-0.775893, -0.628465, 0.0549835, -2.98023e-08, 0.0871557, 0.996195, -0.630866, 0.77294, -0.0676235, -8.91439, 0.482901, 8.01138)

[node name="PropLogOak3" parent="Props/Trees/Logs" instance=ExtResource("18_660r0")]
transform = Transform3D(0.337884, 0.941188, 4.11406e-08, 6.27369e-16, -4.37114e-08, 1, 0.941188, -0.337884, -1.47694e-08, -8.90311, 0.25, 10.2331)

[node name="PropLogOakStripping" parent="Props/Trees/Logs" instance=ExtResource("10_2lcoj")]
transform = Transform3D(-0.989544, -0.0121123, 0.143724, -0.143734, -4.5721e-08, -0.989616, 0.0119865, -0.999927, -0.00174089, -13.0339, 1.45001, 0.238199)

[node name="PropLogOakStripped" parent="Props/Trees/Logs" instance=ExtResource("11_se24g")]
transform = Transform3D(0.48873, -0.092023, -0.867568, -0.871265, -4.96989e-08, -0.490813, 0.045166, 0.995757, -0.0801765, -10.549, 0.25, 1.50198)

[node name="Stumps" type="Node3D" parent="Props/Trees"]

[node name="PropTreeStumpOak1" parent="Props/Trees/Stumps" instance=ExtResource("19_nvsbc")]
transform = Transform3D(1, 0, 0, 0, 1, 0, 0, 0, 1, -7.5987, 0.25, 11.1531)

[node name="PropTreeStumpOak2" parent="Props/Trees/Stumps" instance=ExtResource("11_1rkbt")]
transform = Transform3D(-1, 0, 0, 0, 1, 0, 0, 0, -1, -3.08935, 0.25, 9.22873)

[node name="PropTreeStumpOak3" parent="Props/Trees/Stumps" instance=ExtResource("12_7d261")]
transform = Transform3D(-0.707107, 0, -0.707107, 0, 1, 0, 0.707107, 0, -0.707107, -1.91419, 0.25, 12.1459)

[node name="PropTreeSplittingStump" parent="Props/Trees/Stumps" instance=ExtResource("15_2w2bx")]
transform = Transform3D(-0.330992, 0, -0.943634, 0, 1, 0, 0.943634, 0, -0.330992, -11.7702, 0.25, 5.93337)

[node name="Firewood" type="Node3D" parent="Props/Trees"]

[node name="PropFirewood1" parent="Props/Trees/Firewood" instance=ExtResource("16_8wt0o")]
transform = Transform3D(-0.330992, 0, -0.943634, 0, 1, 0, 0.943634, 0, -0.330992, -12.4753, 0.385615, 6.38495)

[node name="PropFirewood2" parent="Props/Trees/Firewood" instance=ExtResource("17_phn5x")]
transform = Transform3D(0.629814, 0.775936, -0.0354657, -0.0562222, -4.47035e-08, -0.998418, -0.774709, 0.630811, 0.0436249, -10.7889, 0.0705301, 6.53309)

[node name="PropFirewood3" parent="Props/Trees/Firewood" instance=ExtResource("18_xfbai")]
transform = Transform3D(-0.756764, 0.620897, 0.204437, 0.0419137, 0.358189, -0.932708, -0.652342, -0.697272, -0.297089, -10.9609, 0.228668, 6.65031)

[node name="PropFirewood4" parent="Props/Trees/Firewood" instance=ExtResource("19_klfg6")]
transform = Transform3D(0.0416943, -0.99889, -0.0219227, -0.465383, -5.32465e-08, -0.885109, 0.884127, 0.0471066, -0.464866, -12.9083, 0.0954665, 5.78714)

[node name="PropFirewood5" parent="Props/Trees/Firewood" instance=ExtResource("20_vvb1k")]
transform = Transform3D(0.788848, 0, -0.614588, 0, 1, 0, 0.614588, 0, 0.788848, -11.8741, 0.873773, 5.91295)

[node name="Cooking" type="Node3D" parent="Props"]

[node name="PropApple2" parent="Props/Cooking" instance=ExtResource("27_j1ljd")]
transform = Transform3D(-0.787241, 0, -0.493338, 0, 0.929048, 0, 0.493338, 0, -0.787241, 8.65902, 1.1042, -9.70384)

[node name="@PropApple@70183" parent="Props/Cooking" instance=ExtResource("27_j1ljd")]
transform = Transform3D(-0.922664, -0.251531, 0.500145, 0.343582, 0.506806, 0.888719, -0.442001, 0.919022, -0.353208, -4.30565, 0.106047, -21.9412)

[node name="@PropApple@70184" parent="Props/Cooking" instance=ExtResource("27_j1ljd")]
transform = Transform3D(-0.963802, 0.0817004, 0.131022, 0.154021, 0.567285, 0.779243, -0.0109236, 0.790106, -0.573034, -3.25783, 0.106047, -20.2018)

[node name="@PropApple@70186" parent="Props/Cooking" instance=ExtResource("27_j1ljd")]
transform = Transform3D(1.03346, 0.38517, -0.163333, -0.372508, 1.04529, 0.108028, 0.190451, -0.0455631, 1.0976, 1.67677, 0.106047, -22.8168)

[node name="@PropApple@70187" parent="Props/Cooking" instance=ExtResource("27_j1ljd")]
transform = Transform3D(-0.733845, -0.448392, -0.0426347, -0.421672, 0.712579, -0.236273, 0.158323, -0.180489, -0.826897, 1.12476, 0.106047, -20.0943)

[node name="@PropApple@70188" parent="Props/Cooking" instance=ExtResource("27_j1ljd")]
transform = Transform3D(-0.802777, 0.384668, 0.471442, -0.336801, 0.369079, -0.874656, -0.506746, -0.854687, -0.165521, -8.67777, 0.106047, -19.8251)

[node name="@PropApple@70189" parent="Props/Cooking" instance=ExtResource("27_j1ljd")]
transform = Transform3D(-0.29939, 0.899216, 0.512983, 0.911179, 0.482369, -0.313764, -0.491419, 0.346564, -0.894302, -9.13991, 0.106047, -21.4851)

[node name="@PropApple@70190" parent="Props/Cooking" instance=ExtResource("27_j1ljd")]
transform = Transform3D(0.512474, 0.901177, 0.0717905, -0.0693389, 0.121462, -1.02973, -0.901368, 0.503021, 0.12003, -7.29271, 0.106047, -20.07)

[node name="@PropApple@70191" parent="Props/Cooking" instance=ExtResource("27_j1ljd")]
transform = Transform3D(-0.39308, 0.802336, 0.0262971, 0.45851, 0.248426, -0.725948, -0.658942, -0.305758, -0.520822, -8.97702, 0.106047, -23.3511)

[node name="PropOvenTower" parent="Props/Cooking" instance=ExtResource("36_f7e2g")]
transform = Transform3D(-1, 0, -5.96046e-08, 0, 1, 0, 5.96046e-08, 0, -1, 8.94, 0.75, -19.396)

[node name="PropOven" parent="Props/Cooking/PropOvenTower" instance=ExtResource("36_tqf4g")]
transform = Transform3D(1, 0, 0, 0, 1, 0, 0, 0, 1, 0, 1.25, 0)

[node name="PropOvenDoor" parent="Props/Cooking/PropOvenTower" instance=ExtResource("37_kpqqm")]
transform = Transform3D(1, 0, 0, 0, 1, 0, 0, 0, 1, 0, 1.11, -0.874)

[node name="PropOven2" parent="Props/Cooking" instance=ExtResource("36_tqf4g")]
transform = Transform3D(-1, 0, -5.96046e-08, 0, 1, 0, 5.96046e-08, 0, -1, 4.93972, 0.5, -19.3956)

[node name="PropOvenDoor2" parent="Props/Cooking" instance=ExtResource("37_kpqqm")]
transform = Transform3D(-0.740394, -0.284774, -0.608868, -1.49012e-08, 0.90582, -0.423662, 0.672173, -0.313677, -0.670664, 5.64818, 0.351484, -18.4116)

[node name="PropOvenPeel" parent="Props/Cooking" instance=ExtResource("59_lg3ag")]
transform = Transform3D(1, 0, 0, 0, 0.258819, -0.965926, 0, 0.965926, 0.258819, 9.89166, 1.62574, -18.3193)

[node name="PropBread1" parent="Props/Cooking" instance=ExtResource("28_isvn2")]
transform = Transform3D(0.866174, 0, -0.499743, 0, 1, 0, 0.499743, 0, 0.866174, 4.97794, 0.0977713, -17.9944)

[node name="PropBread2" parent="Props/Cooking" instance=ExtResource("29_mhsw4")]
transform = Transform3D(0.91919, 0, 0.393814, 0, 1, 0, -0.393814, 0, 0.91919, 4.75821, 0.0977714, -18.6591)

[node name="PropBread3" parent="Props/Cooking" instance=ExtResource("28_isvn2")]
transform = Transform3D(0.687177, 0, -0.726491, 0, 1, 0, 0.726491, 0, 0.687177, 9.9014, 1.09777, -10.3408)

[node name="PropBread4" parent="Props/Cooking" instance=ExtResource("29_mhsw4")]
transform = Transform3D(0.737784, 0, 0.675037, 0, 1, 0, -0.675037, 0, 0.737784, 10.1135, 1.09777, -10.8949)

[node name="PropClayPot" parent="Props/Cooking" instance=ExtResource("40_abor7")]
transform = Transform3D(0.946806, 0, -0.321803, 0, 1, 0, 0.321803, 0, 0.946806, 9.5811, 1.2, -9.66383)

[node name="PropLadle" parent="Props/Cooking" instance=ExtResource("64_he0ji")]
transform = Transform3D(0.803306, 0.346625, 0.484304, -2.48075e-08, 0.813182, -0.582009, -0.595566, 0.467533, 0.653234, 9.15411, 1.08792, -9.53182)

[node name="PropBowl" parent="Props/Cooking" instance=ExtResource("42_kaj55")]
transform = Transform3D(0.990112, 0, -0.140279, 0, 1, 0, 0.140279, 0, 0.990112, 8.90297, 1.075, -9.21109)

[node name="PropTankard" parent="Props/Cooking" instance=ExtResource("43_p6s0h")]
transform = Transform3D(-0.896579, 0, 0.442883, 0, 1, 0, -0.442883, 0, -0.896579, 9.3661, 1.15, -10.0466)

[node name="PropCookingSpit" parent="Props/Cooking" instance=ExtResource("44_xq1oh")]
transform = Transform3D(0.707107, 0, 0.707107, 0, 1, 0, -0.707107, 0, 0.707107, 7.5, 0.8, -13.25)

[node name="PropPot1" parent="Props/Cooking/PropCookingSpit" instance=ExtResource("45_6f0df")]
transform = Transform3D(-4.37114e-08, 0, -1, 0, 1, 0, 1, 0, -4.37114e-08, -0.6, 0.0472256, 0)

[node name="PropPot2" parent="Props/Cooking/PropCookingSpit" instance=ExtResource("46_aupno")]
transform = Transform3D(1, 0, 0, 0, 1, 0, 0, 0, 1, 0.6, 0.206423, 0)

[node name="SmallProps" type="Node3D" parent="Props"]

[node name="PropWheelBarrow" parent="Props/SmallProps" instance=ExtResource("11_1esxr")]
transform = Transform3D(-0.274345, 0, -0.961632, 0, 1, 0, 0.961632, 0, -0.274345, -5.71387, 0.45, -20.4473)

[node name="PropFence1" parent="Props/SmallProps" instance=ExtResource("9_j2ilc")]
transform = Transform3D(-0.707107, 0, -0.707107, 0, 1, 0, 0.707107, 0, -0.707107, 10.8111, 0.75, -3.29435)

[node name="PropFence2" parent="Props/SmallProps" instance=ExtResource("10_0j7w2")]
transform = Transform3D(-0.258819, 0, -0.965926, 0, 1, 0, 0.965926, 0, -0.258819, 10.8001, 0.75, -3.24169)

[node name="PropFenceEnd2" parent="Props/SmallProps" instance=ExtResource("8_qgel6")]
transform = Transform3D(-0.707107, 0, -0.707107, 0, 1, 0, 0.707107, 0, -0.707107, 15.8295, 0.75, -10.5871)

[node name="PropFence7" parent="Props/SmallProps" instance=ExtResource("9_j2ilc")]
transform = Transform3D(-0.707107, 0, -0.707107, 0, 1, 0, 0.707107, 0, -0.707107, 13.7082, 0.75, -8.46578)

[node name="PropFence8" parent="Props/SmallProps" instance=ExtResource("10_0j7w2")]
transform = Transform3D(-0.258819, 0, -0.965926, 0, 1, 0, 0.965926, 0, -0.258819, 13.6972, 0.75, -8.41312)

[node name="PropFence3" parent="Props/SmallProps" instance=ExtResource("9_j2ilc")]
transform = Transform3D(-0.707107, 0, -0.707107, 0, 1, 0, 0.707107, 0, -0.707107, 7.9111, 0.75, 1.70565)

[node name="PropFence4" parent="Props/SmallProps" instance=ExtResource("10_0j7w2")]
transform = Transform3D(-0.258819, 0, -0.965926, 0, 1, 0, 0.965926, 0, -0.258819, 7.9001, 0.75, 1.75831)

[node name="PropFence5" parent="Props/SmallProps" instance=ExtResource("9_j2ilc")]
transform = Transform3D(-0.707107, 0, -0.707107, 0, 1, 0, 0.707107, 0, -0.707107, 5.1111, 0.75, 6.70565)

[node name="PropFence6" parent="Props/SmallProps" instance=ExtResource("10_0j7w2")]
transform = Transform3D(-0.965926, 0, -0.258819, 0, 1, 0, 0.258819, 0, -0.965926, 5.1001, 0.75, 6.75831)

[node name="PropBasket" parent="Props/SmallProps" instance=ExtResource("9_jepc3")]
transform = Transform3D(1, 0, 0, 0, 1, 0, 0, 0, 1, 0.42622, 0.28, -20.9738)

[node name="PropBasketWithApples" parent="Props/SmallProps" instance=ExtResource("10_dvkp3")]
transform = Transform3D(1, 0, 0, 0, 1, 0, 0, 0, 1, -2.43613, 0.28, -21.3498)

[node name="PropBasketWithApples2" parent="Props/SmallProps" instance=ExtResource("10_dvkp3")]
transform = Transform3D(0.258819, 0, -0.965926, 0, 1, 0, 0.965926, 0, 0.258819, 8.24991, 0.279999, -9.08362)

[node name="PropWoodAx2" parent="Props/SmallProps" instance=ExtResource("14_lprge")]
transform = Transform3D(-0.998264, 0.0473662, 0.0350184, 2.81469e-08, -0.594486, 0.804106, 0.0589059, 0.80271, 0.593454, -11.5727, 1.09374, 5.51444)

[node name="PropLogStand" parent="Props/SmallProps" instance=ExtResource("21_0tx2t")]
transform = Transform3D(0.989888, 0, 0.141851, 0, 1, 0, -0.141851, 0, 0.989888, -13.0691, 0.625, -1.35138)

[node name="PropLogStand2" parent="Props/SmallProps" instance=ExtResource("21_0tx2t")]
transform = Transform3D(-0.995924, 0, -0.0901978, 0, 1, 0, 0.0901978, 0, -0.995924, -12.5402, 0.625, 2.53196)

[node name="Plants" type="Node3D" parent="Props"]

[node name="PropBlackberryBush" parent="Props/Plants" instance=ExtResource("30_pesed")]
transform = Transform3D(0.530615, 0, 0.847613, 0, 1, 0, -0.847613, 0, 0.530615, 15.1307, 1, -9.98585)

[node name="PropBlackberryBush2" parent="Props/Plants" instance=ExtResource("30_pesed")]
transform = Transform3D(-0.0148523, 0, -0.99989, 0, 1, 0, 0.99989, 0, -0.0148523, 16.2425, 1, -12.7307)

[node name="PropBlackberryBush4" parent="Props/Plants" instance=ExtResource("30_pesed")]
transform = Transform3D(-0.0201903, 0, -1.35926, 0, 1.35941, 0, 1.35926, 0, -0.0201903, 22.6494, 1, -12.8526)

[node name="PropBlackberryBush5" parent="Props/Plants" instance=ExtResource("30_pesed")]
transform = Transform3D(0.371304, 0, 1.30772, 0, 1.35941, 0, -1.30772, 0, 0.371304, 22.9378, 1, -8.95482)

[node name="PropBlackberryBush3" parent="Props/Plants" instance=ExtResource("30_pesed")]
transform = Transform3D(-0.354095, 0, 0.93521, 0, 1, 0, -0.93521, 0, -0.354095, 16.1345, 1, -15.4448)

[node name="PropDandelion1" parent="Props/Plants" instance=ExtResource("51_v4cb4")]
transform = Transform3D(0.138639, 0.0454187, 1.10622, -0.00756975, 1.08188, -0.0462213, -1.10718, -0.00170952, 0.138834, -11.7021, 0.183505, -0.280707)

[node name="@PropDandelion1@48756" parent="Props/Plants" instance=ExtResource("51_v4cb4")]
transform = Transform3D(1.04746, 0.00259961, 0.238567, -0.0100412, 0.852263, 0.0293433, -0.238379, -0.0244767, 1.04705, -9.09513, 0.171994, 6.5893)

[node name="PropDandelion2" parent="Props/Plants" instance=ExtResource("52_re15r")]
transform = Transform3D(-0.853397, -0.0471585, 0.0503577, -0.042916, 0.986634, -0.0349442, -0.0485855, -0.0431694, -0.853657, -5.2776, 0.178799, 13.2305)

[node name="@PropDandelion2@48757" parent="Props/Plants" instance=ExtResource("52_re15r")]
transform = Transform3D(-0.902548, -0.0259732, -0.656318, -0.0468739, 1.01511, 0.0159734, 0.655264, 0.03684, -0.902857, 5.01904, 0.180169, 10.3546)

[node name="@PropDandelion1@48758" parent="Props/Plants" instance=ExtResource("51_v4cb4")]
transform = Transform3D(-0.993468, -0.00839584, -0.129566, -0.00765061, 1.03949, -0.00390985, 0.129593, -0.00299594, -0.993493, 9.66893, 0.18134, 11.1992)

[node name="@PropDandelion1@48759" parent="Props/Plants" instance=ExtResource("51_v4cb4")]
transform = Transform3D(1.06872, 0.0344111, -0.0738405, -0.0312369, 1.05308, 0.0545465, 0.0754927, -0.0514099, 1.0679, 13.2105, 0.18211, 3.22282)

[node name="@PropDandelion2@48760" parent="Props/Plants" instance=ExtResource("52_re15r")]
transform = Transform3D(-0.521719, -0.0321355, 0.758085, -0.040079, 0.895655, 0.0124676, -0.757744, -0.0252477, -0.522613, 8.5708, 0.174193, -2.18908)

[node name="@PropDandelion2@48761" parent="Props/Plants" instance=ExtResource("52_re15r")]
transform = Transform3D(-0.913858, -0.0511553, 0.155112, -0.0367438, 1.09809, 0.0412119, -0.156754, 0.0408333, -0.913947, 9.1318, 0.184364, -13.8687)

[node name="@PropDandelion2@48762" parent="Props/Plants" instance=ExtResource("52_re15r")]
transform = Transform3D(-0.692463, -0.0143863, 0.77901, -0.0289163, 0.99031, -0.00545697, -0.77862, -0.0239836, -0.692607, 0.423143, 0.178899, -19.7675)

[node name="PropFern1" parent="Props/Plants" instance=ExtResource("53_qkkld")]
transform = Transform3D(-1.0284, -0.0214463, -0.0349302, -0.020846, 1.04188, -0.0101763, 0.0351307, -0.00957961, -1.02857, -13.9252, 0.283576, 4.71797)

[node name="@PropFern1@49049" parent="Props/Plants" instance=ExtResource("53_qkkld")]
transform = Transform3D(-0.577982, 0.0573156, 0.666966, 0.0411584, 1.06478, -0.0271816, -0.667388, 0.0160285, -0.579294, -11.382, 0.286009, 9.75441)

