[gd_scene load_steps=9 format=3 uid="uid://b71k8ok3eu1ci"]

[ext_resource type="PackedScene" uid="uid://b77qh7ya7mcrk" path="res://Prefabs/Fabrications/PropPlatformLogs.tscn" id="1_jqevx"]
[ext_resource type="PackedScene" uid="uid://ca610mgbhipc1" path="res://Prefabs/Lumber/PropBoardPost1.tscn" id="2_4whtp"]
[ext_resource type="PackedScene" uid="uid://cueqckjju13eo" path="res://Prefabs/Lumber/PropBoardPost2.tscn" id="3_ykh3n"]
[ext_resource type="PackedScene" uid="uid://8x2u1js755re" path="res://Prefabs/Lumber/PropBoard1.tscn" id="4_imlmt"]
[ext_resource type="PackedScene" uid="uid://byyhb3n7dtwht" path="res://Prefabs/Lumber/PropBoard2.tscn" id="5_k02so"]
[ext_resource type="PackedScene" uid="uid://byfxqpcowymc0" path="res://Prefabs/Lumber/PropBoard3.tscn" id="6_wqvmk"]
[ext_resource type="PackedScene" uid="uid://c5l8sqkkxfwt4" path="res://Prefabs/Lumber/PropBoardShort.tscn" id="7_gcb7s"]

[sub_resource type="BoxShape3D" id="BoxShape3D_k3oox"]
size = Vector3(2.15, 1.6, 2.6)

[node name="PropPlatform4m" type="Node3D"]

[node name="InvisibleWall" type="StaticBody3D" parent="."]
collision_layer = 2048
collision_mask = 0

[node name="CollisionShape3D" type="CollisionShape3D" parent="InvisibleWall"]
transform = Transform3D(1, 0, 0, 0, 1, 0, 0, 0, 1, 0, 2.82534, 0)
shape = SubResource("BoxShape3D_k3oox")
debug_color = Color(1, 1, 1, 1)

[node name="PropPlatformLogs" parent="." instance=ExtResource("1_jqevx")]
transform = Transform3D(1, 0, 0, 0, 1, 0, 0, 0, 1, -0.59, 3.8, 0)

[node name="PropPlatformLogs2" parent="." instance=ExtResource("1_jqevx")]
transform = Transform3D(1, -8.74228e-08, 8.74228e-08, -8.74228e-08, -1, -7.64274e-15, 8.74228e-08, 0, -1, 0.59, 3.8, 0)

[node name="PropBoardPost1" parent="." instance=ExtResource("2_4whtp")]
transform = Transform3D(1.14, 0, 0, 0, 1.14, 0, 0, 0, 1.14, -0.8, 1.6, 1)

[node name="PropBoardPost2" parent="." instance=ExtResource("3_ykh3n")]
transform = Transform3D(1.14, 0, 0, 0, 1.14, 0, 0, 0, 1.14, 0.8, 1.6, 1)

[node name="PropBoardPost3" parent="." instance=ExtResource("2_4whtp")]
transform = Transform3D(-1.14, 0, -9.9662e-08, -8.71273e-15, -1.14, 9.9662e-08, -9.9662e-08, 9.9662e-08, 1.14, 0.8, 1.6, -1)

[node name="PropBoardPost4" parent="." instance=ExtResource("3_ykh3n")]
transform = Transform3D(-1.14, 0, -9.9662e-08, -8.71273e-15, -1.14, 9.9662e-08, -9.9662e-08, 9.9662e-08, 1.14, -0.8, 1.6, -1)

[node name="PropBoard1" parent="." instance=ExtResource("4_imlmt")]
transform = Transform3D(0.573576, 0.819152, 0, -0.819152, 0.573576, 0, 0, 0, 1, 0, 2.20086, 0.785447)

[node name="PropBoard2" parent="." instance=ExtResource("5_k02so")]
transform = Transform3D(-4.37114e-08, 0, 1, -0.707107, 0.707107, -3.09086e-08, -0.707107, -0.707107, -3.09086e-08, 1.00675, 2.18036, 0)

[node name="PropBoard4" parent="." instance=ExtResource("5_k02so")]
transform = Transform3D(-1.81058e-08, 6.18172e-08, -1, 0.707107, -0.707107, -5.65142e-08, -0.707107, -0.707107, -3.09086e-08, -1.012, 2.18036, 0)

[node name="PropBoard3" parent="." instance=ExtResource("6_wqvmk")]
transform = Transform3D(0.573576, -0.819152, 0, 0.819152, 0.573576, 0, 0, 0, 1, 0, 2.22906, 1.21378)

[node name="PropBoard5" parent="." instance=ExtResource("4_imlmt")]
transform = Transform3D(-0.573576, -0.819152, -8.74228e-08, -0.819152, 0.573576, 0, 5.01436e-08, 7.16125e-08, -1, 1.94459e-08, 2.20086, -0.788209)

[node name="PropBoard6" parent="." instance=ExtResource("6_wqvmk")]
transform = Transform3D(-0.573576, 0.819152, -8.74228e-08, 0.819152, 0.573576, 0, 5.01436e-08, -7.16125e-08, -1, -1.94459e-08, 2.22906, -1.21808)

[node name="PropBoardShort" parent="." instance=ExtResource("7_gcb7s")]
transform = Transform3D(-1, -4.37114e-08, -4.37114e-08, 4.37114e-08, -4.37114e-08, -1, 4.37114e-08, -1, 4.37114e-08, 0, 3.54143, -0.684838)

[node name="PropBoardShort2" parent="." instance=ExtResource("7_gcb7s")]
transform = Transform3D(1, 4.37114e-08, -4.37114e-08, 4.37114e-08, 4.37114e-08, 1, 4.37114e-08, -1, 4.37114e-08, 0, 3.54143, 0.679125)
