[gd_scene load_steps=11 format=3 uid="uid://dtj5qc70uiow3"]

[ext_resource type="ArrayMesh" uid="uid://bl4d8s8g40wg5" path="res://Models/prop-archery-target.res" id="1_tgcde"]
[ext_resource type="Material" uid="uid://bxsuh5hkrmblo" path="res://Materials/Trees/BarkOakOld.tres" id="2_v8x5p"]
[ext_resource type="Material" uid="uid://bxdgc8hs67pqf" path="res://Materials/Trees/BarkEndsOld1.tres" id="3_5pwrc"]
[ext_resource type="Material" uid="uid://d11yxyb5adsuu" path="res://Materials/Trees/BarkEndTarget.tres" id="4_o4rtj"]
[ext_resource type="Script" uid="uid://d0vo7j6jucui0" path="res://C#/PlayerBow/ArcheryTarget.cs" id="5_v8x5p"]

[sub_resource type="ConvexPolygonShape3D" id="ConvexPolygonShape3D_tgcde"]
points = PackedVector3Array(-0.000117779, -0.807704, 0.795455, 0.0769237, -0.807704, 0.840632, -0.0770414, -0.807704, 0.840632, -0.578871, -0.798025, -0.286143, -0.50183, -0.798025, -0.316449, 0.501712, -0.798025, -0.316449, 0.578753, -0.798025, -0.286143, 0.10873, -0.807704, 0.949367, 0.601724, -0.798025, -0.213045, -0.108965, -0.807704, 0.949367, -0.601724, -0.798025, -0.213045, -0.44293, -0.194064, -0.263835, -0.511372, 0.0528239, -0.197612, -0.255745, -0.374921, -0.312239, -0.149018, -0.4025, -0.319676, -0.000117779, -0.441085, -0.329918, 0.255627, -0.374921, -0.312239, 0.442812, -0.194064, -0.263835, 0.457655, -0.140497, -0.249524, 0.511254, 0.0528239, -0.197612, 0.0769237, -0.807704, 1.05824, 0.499945, -0.0517919, 0.193133, -0.0770414, -0.807704, 1.05824, -0.500063, -0.0517919, 0.193133, -0.44293, 0.299844, -0.131529, -0.351163, 0.388417, -0.107818, 0.442812, 0.299844, -0.131529, -0.000117779, -0.807704, 1.10342, 0.432916, 0.18966, 0.257813, 0.249972, 0.366406, 0.305235, -0.25009, 0.366406, 0.305235, -0.433034, 0.18966, 0.257813, -0.255745, 0.480569, -0.082984, -0.000117779, 0.546865, -0.0653058, 0.255627, 0.480569, -0.082984, -0.000117779, 0.431111, 0.322492)

[sub_resource type="CylinderShape3D" id="CylinderShape3D_tgcde"]
height = 0.4

[sub_resource type="CapsuleShape3D" id="CapsuleShape3D_v8x5p"]
radius = 0.1
height = 0.7

[sub_resource type="CapsuleShape3D" id="CapsuleShape3D_5pwrc"]
radius = 0.1
height = 1.3

[sub_resource type="CylinderShape3D" id="CylinderShape3D_5pwrc"]
height = 0.1
radius = 0.4

[node name="PropArcheryTarget" type="StaticBody3D"]
collision_layer = 16

[node name="MeshInstance3D" type="MeshInstance3D" parent="."]
transform = Transform3D(1, 0, 0, 0, 1, 0, 0, 0, 1, 0, 0.8, 0)
layers = 2
gi_mode = 2
mesh = ExtResource("1_tgcde")
surface_material_override/0 = ExtResource("2_v8x5p")
surface_material_override/1 = ExtResource("3_5pwrc")
surface_material_override/2 = ExtResource("4_o4rtj")

[node name="CollisionShape3D" type="CollisionShape3D" parent="."]
transform = Transform3D(1, 0, 0, 0, 1, 0, 0, 0, 1, 0, 0.8, 0)
shape = SubResource("ConvexPolygonShape3D_tgcde")

[node name="ColliderTarget" type="CollisionShape3D" parent="."]
transform = Transform3D(1, 0, 0, 0, 0.258819, 0.965926, 0, -0.965926, 0.258819, 0, 0.8, 0)
shape = SubResource("CylinderShape3D_tgcde")
disabled = true

[node name="ColliderLegSmall" type="CollisionShape3D" parent="."]
transform = Transform3D(0.866025, -0.482963, 0.12941, 0.499511, 0.847145, -0.181202, -0.0221148, 0.221567, 0.974894, 0.360472, 0.212367, -0.15577)
shape = SubResource("CapsuleShape3D_v8x5p")
disabled = true

[node name="ColliderLegSmall2" type="CollisionShape3D" parent="."]
transform = Transform3D(0.865806, 0.483502, -0.128867, -0.499935, 0.846721, -0.182013, 0.0211103, 0.222013, 0.974815, -0.36, 0.212009, -0.155341)
shape = SubResource("CapsuleShape3D_v8x5p")
disabled = true

[node name="ColliderLegBig" type="CollisionShape3D" parent="."]
transform = Transform3D(1, -3.09086e-08, -1.28028e-08, 3.09086e-08, 0.707107, 0.707107, -1.28028e-08, -0.707107, 0.707107, 0, 0.373069, 0.559603)
shape = SubResource("CapsuleShape3D_5pwrc")
disabled = true

[node name="ArrowTarget" type="StaticBody3D" parent="."]
transform = Transform3D(1, 0, 0, 0, 0.258819, 0.965926, 0, -0.965926, 0.258819, 0, 0.855849, -0.224621)
collision_layer = 64
collision_mask = 0
script = ExtResource("5_v8x5p")

[node name="CollisionShape3D2" type="CollisionShape3D" parent="ArrowTarget"]
shape = SubResource("CylinderShape3D_5pwrc")
